<?xml version="1.0" encoding="utf-8"?>
<COLLADA xmlns="http://www.collada.org/2005/11/COLLADASchema" version="1.4.1">
  <asset>
    <contributor>
      <author>eduardo</author>
      <authoring_tool>OpenCOLLADA for 3ds Max;  Version: 1.4.1;  Revision: exported;  Platform: x64;  Configuration: Release_Max2013_static</authoring_tool>
    </contributor>
    <created>2015-02-09T17:17:28</created>
    <modified>2015-02-09T17:17:28</modified>
    <unit name="meter" meter="1"/>
    <up_axis>Z_UP</up_axis>
  </asset>
  <library_lights>
    <light id="EnvironmentAmbientLight" name="EnvironmentAmbientLight">
      <technique_common>
        <ambient>
          <color>0 0 0</color>
        </ambient>
      </technique_common>
    </light>
  </library_lights>
  <library_visual_scenes>
    <visual_scene id="MaxScene">
      <node name="EnvironmentAmbientLight">
        <instance_light url="#EnvironmentAmbientLight"/>
      </node>
      <node id="node-Reference" name="Reference">
        <matrix>0.01 0 0 0 0 -4.37114e-10 -0.01 0 0 0.01 -4.37114e-10 0 0 0 0 1</matrix>
        <node id="node-Hips" name="Hips">
          <matrix sid="matrix">-0.9996377 -0.01986696 -0.01815821 -2.478938 -0.0201449 0.9996806 0.01525418 95.8501 0.01784936 0.01561445 -0.9997187 5.999829 0 0 0 1</matrix>
          <node id="node-Spine" name="Spine">
            <matrix sid="matrix">0.9991149 -0.03982536 0.01353874 0 0.04056047 0.9974197 -0.05923434 9.226303 -0.01114478 0.05973105 0.9981522 1.577134 0 0 0 1</matrix>
            <node id="node-Chest" name="Chest">
              <matrix sid="matrix">0.9998762 0.008271574 0.01338604 9.53674e-7 -0.008412669 0.9999093 0.01051874 16.25403 -0.01329782 -0.01063005 0.999855 -0.1656055 0 0 0 1</matrix>
              <node id="node-Neck" name="Neck">
                <matrix sid="matrix">0.9983523 0.03958586 0.04154093 0 -0.03994097 0.9991719 0.007753218 25.90092 -0.04119961 -0.00939963 0.9991066 -3.241324 0 0 0 1</matrix>
                <node id="node-Head" name="Head">
                  <matrix sid="matrix">0.9910899 -0.00924097 -0.1328729 -7.15256e-7 0.02216546 0.9951227 0.09612244 8.307037 0.1313365 -0.09821118 0.9864611 1.132677 0 0 0 1</matrix>
                  <node id="node-LeftEye" name="LeftEye">
                    <matrix>1 0 2.21189e-9 2.084824 0 1 0 8.250275 2.85218e-9 -7.45058e-9 1 5.542745 0 0 0 1</matrix>
                    <extra>
                      <technique profile="OpenCOLLADA">
                        <cast_shadows>1</cast_shadows>
                        <primary_visibility>1</primary_visibility>
                        <receive_shadows>1</receive_shadows>
                        <secondary_visibility>1</secondary_visibility>
                      </technique>
                    </extra>
                  </node>
                  <node id="node-RightEye" name="RightEye">
                    <matrix>1 0 2.21189e-9 -2.085 0 1 0 8.250275 2.85218e-9 -7.45058e-9 1 5.54274 0 0 0 1</matrix>
                    <extra>
                      <technique profile="OpenCOLLADA">
                        <cast_shadows>1</cast_shadows>
                        <primary_visibility>1</primary_visibility>
                        <receive_shadows>1</receive_shadows>
                        <secondary_visibility>1</secondary_visibility>
                      </technique>
                    </extra>
                  </node>
                  <node id="node-Jaw" name="Jaw">
                    <matrix>1 2.32831e-9 -6.98492e-10 3.57628e-7 0 0.9038677 -0.4278122 1.112671 2.85218e-9 0.4278123 0.9038677 1.032753 0 0 0 1</matrix>
                    <node id="node-TongueBack" name="TongueBack">
                      <matrix sid="matrix">1 2.32831e-9 3.72529e-9 0 4.65661e-10 1 2.98023e-8 -2.286942 4.65661e-10 2.98023e-8 1 1.009541 0 0 0 1</matrix>
                      <extra>
                        <technique profile="OpenCOLLADA">
                          <cast_shadows>1</cast_shadows>
                          <primary_visibility>1</primary_visibility>
                          <receive_shadows>1</receive_shadows>
                          <secondary_visibility>1</secondary_visibility>
                        </technique>
                      </extra>
                    </node>
                    <node id="node-TongueTip" name="TongueTip">
                      <matrix>1 2.32831e-9 3.72529e-9 0 4.65661e-10 1 2.98023e-8 -2.327881 4.65661e-10 2.98023e-8 1 3.832272 0 0 0 1</matrix>
                      <extra>
                        <technique profile="OpenCOLLADA">
                          <cast_shadows>1</cast_shadows>
                          <primary_visibility>1</primary_visibility>
                          <receive_shadows>1</receive_shadows>
                          <secondary_visibility>1</secondary_visibility>
                        </technique>
                      </extra>
                    </node>
                    <node id="node-LeftLipLower" name="LeftLipLower">
                      <matrix>1 2.32831e-9 3.72529e-9 1.425082 4.65661e-10 1 2.98023e-8 -2.168884 4.65661e-10 2.98023e-8 1 8.224068 0 0 0 1</matrix>
                      <extra>
                        <technique profile="OpenCOLLADA">
                          <cast_shadows>1</cast_shadows>
                          <primary_visibility>1</primary_visibility>
                          <receive_shadows>1</receive_shadows>
                          <secondary_visibility>1</secondary_visibility>
                        </technique>
                      </extra>
                    </node>
                    <node id="node-JawEND" name="JawEND">
                      <matrix>1 2.32831e-9 3.72529e-9 4.76837e-7 4.65661e-10 1 2.98023e-8 -4.828903 4.65661e-10 2.98023e-8 1 7.185177 0 0 0 1</matrix>
                      <extra>
                        <technique profile="OpenCOLLADA">
                          <cast_shadows>1</cast_shadows>
                          <primary_visibility>1</primary_visibility>
                          <receive_shadows>1</receive_shadows>
                          <secondary_visibility>1</secondary_visibility>
                        </technique>
                      </extra>
                    </node>
                    <node id="node-RightLipLower" name="RightLipLower">
                      <matrix>1 2.32831e-9 3.72529e-9 -1.425081 4.65661e-10 1 2.98023e-8 -2.1689 4.65661e-10 2.98023e-8 1 8.223877 0 0 0 1</matrix>
                      <extra>
                        <technique profile="OpenCOLLADA">
                          <cast_shadows>1</cast_shadows>
                          <primary_visibility>1</primary_visibility>
                          <receive_shadows>1</receive_shadows>
                          <secondary_visibility>1</secondary_visibility>
                        </technique>
                      </extra>
                    </node>
                    <node id="node-RightLipCorner" name="RightLipCorner">
                      <matrix>1 2.32831e-9 3.72529e-9 -3.284 4.65661e-10 1 2.98023e-8 -1.657883 4.65661e-10 2.98023e-8 1 6.611881 0 0 0 1</matrix>
                      <extra>
                        <technique profile="OpenCOLLADA">
                          <cast_shadows>1</cast_shadows>
                          <primary_visibility>1</primary_visibility>
                          <receive_shadows>1</receive_shadows>
                          <secondary_visibility>1</secondary_visibility>
                        </technique>
                      </extra>
                    </node>
                    <node id="node-LeftLipCorner" name="LeftLipCorner">
                      <matrix>1 2.32831e-9 3.72529e-9 3.284327 4.65661e-10 1 2.98023e-8 -1.657883 4.65661e-10 2.98023e-8 1 6.612179 0 0 0 1</matrix>
                      <extra>
                        <technique profile="OpenCOLLADA">
                          <cast_shadows>1</cast_shadows>
                          <primary_visibility>1</primary_visibility>
                          <receive_shadows>1</receive_shadows>
                          <secondary_visibility>1</secondary_visibility>
                        </technique>
                      </extra>
                    </node>
                    <extra>
                      <technique profile="OpenCOLLADA">
                        <cast_shadows>1</cast_shadows>
                        <primary_visibility>1</primary_visibility>
                        <receive_shadows>1</receive_shadows>
                        <secondary_visibility>1</secondary_visibility>
                      </technique>
                    </extra>
                  </node>
                  <node id="node-LeftLipUpper" name="LeftLipUpper">
                    <matrix>1 0 2.21189e-9 1.450132 0 1 0 -0.5111542 2.85218e-9 -7.45058e-9 1 9.461889 0 0 0 1</matrix>
                    <extra>
                      <technique profile="OpenCOLLADA">
                        <cast_shadows>1</cast_shadows>
                        <primary_visibility>1</primary_visibility>
                        <receive_shadows>1</receive_shadows>
                        <secondary_visibility>1</secondary_visibility>
                      </technique>
                    </extra>
                  </node>
                  <node id="node-LeftNostril" name="LeftNostril">
                    <matrix>1 0 2.21189e-9 1.79 0 1 0 2.631271 2.85218e-9 -7.45058e-9 1 9.086744 0 0 0 1</matrix>
                    <extra>
                      <technique profile="OpenCOLLADA">
                        <cast_shadows>1</cast_shadows>
                        <primary_visibility>1</primary_visibility>
                        <receive_shadows>1</receive_shadows>
                        <secondary_visibility>1</secondary_visibility>
                      </technique>
                    </extra>
                  </node>
                  <node id="node-LeftCheek" name="LeftCheek">
                    <matrix>1 0 2.21189e-9 5.424404 0 1 0 3.370193 2.85218e-9 -7.45058e-9 1 5.943042 0 0 0 1</matrix>
                    <extra>
                      <technique profile="OpenCOLLADA">
                        <cast_shadows>1</cast_shadows>
                        <primary_visibility>1</primary_visibility>
                        <receive_shadows>1</receive_shadows>
                        <secondary_visibility>1</secondary_visibility>
                      </technique>
                    </extra>
                  </node>
                  <node id="node-LeftEyelidLower" name="LeftEyelidLower">
                    <matrix>1 0 2.21189e-9 3.561896 0 1 0 6.50737 2.85218e-9 -7.45058e-9 1 7.623477 0 0 0 1</matrix>
                    <extra>
                      <technique profile="OpenCOLLADA">
                        <cast_shadows>1</cast_shadows>
                        <primary_visibility>1</primary_visibility>
                        <receive_shadows>1</receive_shadows>
                        <secondary_visibility>1</secondary_visibility>
                      </technique>
                    </extra>
                  </node>
                  <node id="node-LeftEyelidUpper" name="LeftEyelidUpper">
                    <matrix>1 0 2.21189e-9 3.44069 0 1 0 10.06082 2.85218e-9 -7.45058e-9 1 8.020533 0 0 0 1</matrix>
                    <extra>
                      <technique profile="OpenCOLLADA">
                        <cast_shadows>1</cast_shadows>
                        <primary_visibility>1</primary_visibility>
                        <receive_shadows>1</receive_shadows>
                        <secondary_visibility>1</secondary_visibility>
                      </technique>
                    </extra>
                  </node>
                  <node id="node-LeftInnerBrow" name="LeftInnerBrow">
                    <matrix>1 0 2.21189e-9 1.20627 0 1 0 11.87653 2.85218e-9 -7.45058e-9 1 9.346684 0 0 0 1</matrix>
                    <extra>
                      <technique profile="OpenCOLLADA">
                        <cast_shadows>1</cast_shadows>
                        <primary_visibility>1</primary_visibility>
                        <receive_shadows>1</receive_shadows>
                        <secondary_visibility>1</secondary_visibility>
                      </technique>
                    </extra>
                  </node>
                  <node id="node-LeftIOuterBrow" name="LeftIOuterBrow">
                    <matrix>1 0 2.21189e-9 5.503987 0 1 0 11.48253 2.85218e-9 -7.45058e-9 1 6.177741 0 0 0 1</matrix>
                    <extra>
                      <technique profile="OpenCOLLADA">
                        <cast_shadows>1</cast_shadows>
                        <primary_visibility>1</primary_visibility>
                        <receive_shadows>1</receive_shadows>
                        <secondary_visibility>1</secondary_visibility>
                      </technique>
                    </extra>
                  </node>
                  <node id="node-RightInnerBrow" name="RightInnerBrow">
                    <matrix>1 0 2.21189e-9 -1.206269 0 1 0 11.87653 2.85218e-9 -7.45058e-9 1 9.346685 0 0 0 1</matrix>
                    <extra>
                      <technique profile="OpenCOLLADA">
                        <cast_shadows>1</cast_shadows>
                        <primary_visibility>1</primary_visibility>
                        <receive_shadows>1</receive_shadows>
                        <secondary_visibility>1</secondary_visibility>
                      </technique>
                    </extra>
                  </node>
                  <node id="node-RightIOuterBrow" name="RightIOuterBrow">
                    <matrix sid="matrix">1 0 2.21189e-9 -5.504003 0 1 0 11.48228 2.85218e-9 -7.45058e-9 1 6.177742 0 0 0 1</matrix>
                    <extra>
                      <technique profile="OpenCOLLADA">
                        <cast_shadows>1</cast_shadows>
                        <primary_visibility>1</primary_visibility>
                        <receive_shadows>1</receive_shadows>
                        <secondary_visibility>1</secondary_visibility>
                      </technique>
                    </extra>
                  </node>
                  <node id="node-RightEyelidUpper" name="RightEyelidUpper">
                    <matrix sid="matrix">1 0 2.21189e-9 -3.441 0 1 0 10.06128 2.85218e-9 -7.45058e-9 1 8.020741 0 0 0 1</matrix>
                    <extra>
                      <technique profile="OpenCOLLADA">
                        <cast_shadows>1</cast_shadows>
                        <primary_visibility>1</primary_visibility>
                        <receive_shadows>1</receive_shadows>
                        <secondary_visibility>1</secondary_visibility>
                      </technique>
                    </extra>
                  </node>
                  <node id="node-RightEyelidLower" name="RightEyelidLower">
                    <matrix>1 0 2.21189e-9 -3.562 0 1 0 6.507278 2.85218e-9 -7.45058e-9 1 7.623741 0 0 0 1</matrix>
                    <extra>
                      <technique profile="OpenCOLLADA">
                        <cast_shadows>1</cast_shadows>
                        <primary_visibility>1</primary_visibility>
                        <receive_shadows>1</receive_shadows>
                        <secondary_visibility>1</secondary_visibility>
                      </technique>
                    </extra>
                  </node>
                  <node id="node-RightCheek" name="RightCheek">
                    <matrix>1 0 2.21189e-9 -5.424 0 1 0 3.37027 2.85218e-9 -7.45058e-9 1 5.942741 0 0 0 1</matrix>
                    <extra>
                      <technique profile="OpenCOLLADA">
                        <cast_shadows>1</cast_shadows>
                        <primary_visibility>1</primary_visibility>
                        <receive_shadows>1</receive_shadows>
                        <secondary_visibility>1</secondary_visibility>
                      </technique>
                    </extra>
                  </node>
                  <node id="node-RightNostril" name="RightNostril">
                    <matrix>1 0 2.21189e-9 -1.79 0 1 0 2.63089 2.85218e-9 -7.45058e-9 1 9.087067 0 0 0 1</matrix>
                    <extra>
                      <technique profile="OpenCOLLADA">
                        <cast_shadows>1</cast_shadows>
                        <primary_visibility>1</primary_visibility>
                        <receive_shadows>1</receive_shadows>
                        <secondary_visibility>1</secondary_visibility>
                      </technique>
                    </extra>
                  </node>
                  <node id="node-RightLipUpper" name="RightLipUpper">
                    <matrix>1 0 2.21189e-9 -1.450132 0 1 0 -0.5107117 2.85218e-9 -7.45058e-9 1 9.461742 0 0 0 1</matrix>
                    <extra>
                      <technique profile="OpenCOLLADA">
                        <cast_shadows>1</cast_shadows>
                        <primary_visibility>1</primary_visibility>
                        <receive_shadows>1</receive_shadows>
                        <secondary_visibility>1</secondary_visibility>
                      </technique>
                    </extra>
                  </node>
                  <extra>
                    <technique profile="OpenCOLLADA">
                      <cast_shadows>1</cast_shadows>
                      <primary_visibility>1</primary_visibility>
                      <receive_shadows>1</receive_shadows>
                      <secondary_visibility>1</secondary_visibility>
                    </technique>
                  </extra>
                </node>
                <extra>
                  <technique profile="OpenCOLLADA">
                    <cast_shadows>1</cast_shadows>
                    <primary_visibility>1</primary_visibility>
                    <receive_shadows>1</receive_shadows>
                    <secondary_visibility>1</secondary_visibility>
                  </technique>
                </extra>
              </node>
              <node id="node-RightShoulder" name="RightShoulder">
                <matrix sid="matrix">-0.9236474 -0.3724671 0.09024209 -3.828601 -0.3746926 0.9271103 -0.008486498 22.16212 -0.08050343 -0.04165158 -0.9958836 -1.706309 0 0 0 1</matrix>
                <node id="node-RightArm" name="RightArm">
                  <matrix sid="matrix">-0.503531 0.8636467 -0.02389157 10.05015 0.8638086 0.5037864 0.005813413 -2.44141e-4 0.01705698 -0.01771052 -0.9996976 -4.76837e-6 0 0 0 1</matrix>
                  <node id="node-RightForeArm" name="RightForeArm">
                    <matrix sid="matrix">0.9663898 0.01732053 0.2564973 -25.34282 0.114111 0.8651546 -0.4883506 0.6011391 -0.2303683 0.5012062 0.8341002 -1.670452 0 0 0 1</matrix>
                    <node id="node-RightHand" name="RightHand">
                      <matrix sid="matrix">0.9988745 0.03927935 -0.02658644 -24.53738 -0.03571998 0.9917403 0.1231875 2.164177 0.03120558 -0.1220993 0.9920272 0.5550432 0 0 0 1</matrix>
                      <node id="node-RightHandPinky1" name="RightHandPinky1">
                        <matrix sid="matrix">0.4920503 -0.8628948 0.1153212 -6.680336 0.7702641 0.4932515 0.4042229 -0.1994095 -0.4056842 -0.1100702 0.9073614 -3.075616 0 0 0 1</matrix>
                        <node id="node-RightHandPinky2" name="RightHandPinky2">
                          <matrix sid="matrix">0.5148017 -0.7433381 -0.4271154 -2.853088 0.8554578 0.4126753 0.3128753 -0.1397095 -0.05631208 -0.526448 0.8483403 -1.162376 0 0 0 1</matrix>
                          <node id="node-RightHandPinky3" name="RightHandPinky3">
                            <matrix sid="matrix">0.3701451 -0.9208326 -0.1227184 -2.142685 0.9214002 0.3470758 0.1748148 -0.05535126 -0.1183825 -0.1777796 0.9769238 -0.8516579 0 0 0 1</matrix>
                            <extra>
                              <technique profile="OpenCOLLADA">
                                <cast_shadows>1</cast_shadows>
                                <primary_visibility>1</primary_visibility>
                                <receive_shadows>1</receive_shadows>
                                <secondary_visibility>1</secondary_visibility>
                              </technique>
                            </extra>
                          </node>
                          <extra>
                            <technique profile="OpenCOLLADA">
                              <cast_shadows>1</cast_shadows>
                              <primary_visibility>1</primary_visibility>
                              <receive_shadows>1</receive_shadows>
                              <secondary_visibility>1</secondary_visibility>
                            </technique>
                          </extra>
                        </node>
                        <extra>
                          <technique profile="OpenCOLLADA">
                            <cast_shadows>1</cast_shadows>
                            <primary_visibility>1</primary_visibility>
                            <receive_shadows>1</receive_shadows>
                            <secondary_visibility>1</secondary_visibility>
                          </technique>
                        </extra>
                      </node>
                      <node id="node-RightHandRing1" name="RightHandRing1">
                        <matrix sid="matrix">0.3992943 -0.8934292 0.2057875 -7.059845 0.9043325 0.4207287 0.07190114 0.2457161 -0.1508193 0.1573906 0.9759517 -0.9821463 0 0 0 1</matrix>
                        <node id="node-RightHandRing2" name="RightHandRing2">
                          <matrix sid="matrix">0.5373023 -0.8158805 -0.213647 -4.288719 0.8340564 0.4764424 0.2781233 -0.1375351 -0.1251249 -0.32763 0.9364839 -0.494585 0 0 0 1</matrix>
                          <node id="node-RightHandRing3" name="RightHandRing3">
                            <matrix sid="matrix">0.3381691 -0.9405344 0.03220008 -2.950058 0.9389604 0.3395059 0.05557849 -0.7692947 -0.06320563 0.01143969 0.997935 -0.4622273 0 0 0 1</matrix>
                            <extra>
                              <technique profile="OpenCOLLADA">
                                <cast_shadows>1</cast_shadows>
                                <primary_visibility>1</primary_visibility>
                                <receive_shadows>1</receive_shadows>
                                <secondary_visibility>1</secondary_visibility>
                              </technique>
                            </extra>
                          </node>
                          <extra>
                            <technique profile="OpenCOLLADA">
                              <cast_shadows>1</cast_shadows>
                              <primary_visibility>1</primary_visibility>
                              <receive_shadows>1</receive_shadows>
                              <secondary_visibility>1</secondary_visibility>
                            </technique>
                          </extra>
                        </node>
                        <extra>
                          <technique profile="OpenCOLLADA">
                            <cast_shadows>1</cast_shadows>
                            <primary_visibility>1</primary_visibility>
                            <receive_shadows>1</receive_shadows>
                            <secondary_visibility>1</secondary_visibility>
                          </technique>
                        </extra>
                      </node>
                      <node id="node-RightHandMiddle1" name="RightHandMiddle1">
                        <matrix sid="matrix">0.4412514 -0.8953993 0.05964158 -7.564766 0.8957703 0.4355009 -0.08907655 0.4791412 0.05378512 0.09273033 0.9942377 1.18532 0 0 0 1</matrix>
                        <node id="node-RightHandMiddle2" name="RightHandMiddle2">
                          <matrix sid="matrix">0.4984891 -0.8642322 0.06790672 -4.380901 0.8667857 0.4981439 -0.02313952 0.01942444 -0.01382952 0.0703954 0.9974233 0.6454935 0 0 0 1</matrix>
                          <node id="node-RightHandMiddle3" name="RightHandMiddle3">
                            <matrix sid="matrix">0.2626469 -0.9646623 0.02105764 -3.307247 0.9647651 0.2621958 -0.02194719 -0.7547531 0.01565039 0.02608008 0.9995374 0.1689854 0 0 0 1</matrix>
                            <extra>
                              <technique profile="OpenCOLLADA">
                                <cast_shadows>1</cast_shadows>
                                <primary_visibility>1</primary_visibility>
                                <receive_shadows>1</receive_shadows>
                                <secondary_visibility>1</secondary_visibility>
                              </technique>
                            </extra>
                          </node>
                          <extra>
                            <technique profile="OpenCOLLADA">
                              <cast_shadows>1</cast_shadows>
                              <primary_visibility>1</primary_visibility>
                              <receive_shadows>1</receive_shadows>
                              <secondary_visibility>1</secondary_visibility>
                            </technique>
                          </extra>
                        </node>
                        <extra>
                          <technique profile="OpenCOLLADA">
                            <cast_shadows>1</cast_shadows>
                            <primary_visibility>1</primary_visibility>
                            <receive_shadows>1</receive_shadows>
                            <secondary_visibility>1</secondary_visibility>
                          </technique>
                        </extra>
                      </node>
                      <node id="node-RightHandIndex1" name="RightHandIndex1">
                        <matrix sid="matrix">0.5361942 -0.841969 0.05986506 -7.476952 0.8026955 0.4866739 -0.344715 -0.1243019 0.2611046 0.2328877 0.9367965 3.43445 0 0 0 1</matrix>
                        <node id="node-RightHandIndex2" name="RightHandIndex2">
                          <matrix sid="matrix">0.6026227 -0.7952653 0.06632482 -3.705841 0.7916682 0.585283 -0.1752289 0.07261658 0.1005346 0.1581042 0.9822911 1.453888 0 0 0 1</matrix>
                          <node id="node-RightHandIndex3" name="RightHandIndex3">
                            <matrix sid="matrix">0.2081595 -0.9612148 0.1809299 -2.522505 0.9674405 0.1751098 -0.1827438 -0.4966431 0.1439735 0.2130787 0.9663689 1.101215 0 0 0 1</matrix>
                            <extra>
                              <technique profile="OpenCOLLADA">
                                <cast_shadows>1</cast_shadows>
                                <primary_visibility>1</primary_visibility>
                                <receive_shadows>1</receive_shadows>
                                <secondary_visibility>1</secondary_visibility>
                              </technique>
                            </extra>
                          </node>
                          <extra>
                            <technique profile="OpenCOLLADA">
                              <cast_shadows>1</cast_shadows>
                              <primary_visibility>1</primary_visibility>
                              <receive_shadows>1</receive_shadows>
                              <secondary_visibility>1</secondary_visibility>
                            </technique>
                          </extra>
                        </node>
                        <extra>
                          <technique profile="OpenCOLLADA">
                            <cast_shadows>1</cast_shadows>
                            <primary_visibility>1</primary_visibility>
                            <receive_shadows>1</receive_shadows>
                            <secondary_visibility>1</secondary_visibility>
                          </technique>
                        </extra>
                      </node>
                      <node id="node-RightHandThumb1" name="RightHandThumb1">
                        <matrix sid="matrix">0.9962558 -0.07729816 -0.03872248 -1.468491 0.07386173 0.9937706 -0.08345199 -1.110493 0.04493194 0.08027944 0.9957592 2.585811 0 0 0 1</matrix>
                        <node id="node-RightHandThumb2" name="RightHandThumb2">
                          <matrix sid="matrix">0.9718996 0.02930003 -0.2335648 -1.637405 -0.03918743 0.9985165 -0.037804 -0.5289993 0.2321106 0.04589448 0.9716059 2.349136 0 0 0 1</matrix>
                          <node id="node-RightHandThumb3" name="RightHandThumb3">
                            <matrix sid="matrix">0.9622586 0.03294551 -0.2701345 -2.54599 -0.04622522 0.9980074 -0.0429443 -0.7639999 0.2681815 0.05381048 0.9618642 2.0833 0 0 0 1</matrix>
                            <extra>
                              <technique profile="OpenCOLLADA">
                                <cast_shadows>1</cast_shadows>
                                <primary_visibility>1</primary_visibility>
                                <receive_shadows>1</receive_shadows>
                                <secondary_visibility>1</secondary_visibility>
                              </technique>
                            </extra>
                          </node>
                          <extra>
                            <technique profile="OpenCOLLADA">
                              <cast_shadows>1</cast_shadows>
                              <primary_visibility>1</primary_visibility>
                              <receive_shadows>1</receive_shadows>
                              <secondary_visibility>1</secondary_visibility>
                            </technique>
                          </extra>
                        </node>
                        <extra>
                          <technique profile="OpenCOLLADA">
                            <cast_shadows>1</cast_shadows>
                            <primary_visibility>1</primary_visibility>
                            <receive_shadows>1</receive_shadows>
                            <secondary_visibility>1</secondary_visibility>
                          </technique>
                        </extra>
                      </node>
                      <extra>
                        <technique profile="OpenCOLLADA">
                          <cast_shadows>1</cast_shadows>
                          <primary_visibility>1</primary_visibility>
                          <receive_shadows>1</receive_shadows>
                          <secondary_visibility>1</secondary_visibility>
                        </technique>
                      </extra>
                    </node>
                    <extra>
                      <technique profile="OpenCOLLADA">
                        <cast_shadows>1</cast_shadows>
                        <primary_visibility>1</primary_visibility>
                        <receive_shadows>1</receive_shadows>
                        <secondary_visibility>1</secondary_visibility>
                      </technique>
                    </extra>
                  </node>
                  <extra>
                    <technique profile="OpenCOLLADA">
                      <cast_shadows>1</cast_shadows>
                      <primary_visibility>1</primary_visibility>
                      <receive_shadows>1</receive_shadows>
                      <secondary_visibility>1</secondary_visibility>
                    </technique>
                  </extra>
                </node>
                <extra>
                  <technique profile="OpenCOLLADA">
                    <cast_shadows>1</cast_shadows>
                    <primary_visibility>1</primary_visibility>
                    <receive_shadows>1</receive_shadows>
                    <secondary_visibility>1</secondary_visibility>
                  </technique>
                </extra>
              </node>
              <node id="node-LeftShoulder" name="LeftShoulder">
                <matrix sid="matrix">0.902159 0.3781909 0.2075588 3.8286 -0.3899426 0.9206759 0.01734014 22.16223 -0.1845364 -0.09657957 0.9780689 -1.706309 0 0 0 1</matrix>
                <node id="node-LeftArm" name="LeftArm">
                  <matrix sid="matrix">0.4979006 0.8300619 -0.2511815 10.05021 -0.8559074 0.516993 0.01186152 -1.52588e-5 0.1397049 0.2090823 0.9678674 -9.53674e-7 0 0 0 1</matrix>
                  <node id="node-LeftForeArm" name="LeftForeArm">
                    <matrix sid="matrix">0.9721361 -0.08803087 -0.2172596 25.40496 -0.08593924 0.7284436 -0.6796945 0 0.2180955 0.6794266 0.700581 9.53674e-7 0 0 0 1</matrix>
                    <node id="node-LeftHand" name="LeftHand">
                      <matrix sid="matrix">0.9855008 -0.1614294 0.05223632 24.63892 0.1606964 0.9868404 0.01796955 3.8147e-6 -0.05444971 -0.009314701 0.998473 -9.53674e-7 0 0 0 1</matrix>
                      <node id="node-LeftHandPinky1" name="LeftHandPinky1">
                        <matrix sid="matrix">0.3857623 0.9190126 0.08126076 6.565994 -0.9195224 0.3757958 0.1151343 -0.7825127 0.07527251 -0.1191356 0.9900205 -3.225127 0 0 0 1</matrix>
                        <node id="node-LeftHandPinky2" name="LeftHandPinky2">
                          <matrix sid="matrix">0.4091794 0.868218 0.2806596 3.080551 -0.9036652 0.4281806 -0.007100552 -0.00308609 -0.1263379 -0.250717 0.9597812 -0.1448054 0 0 0 1</matrix>
                          <node id="node-LeftHandPinky3" name="LeftHandPinky3">
                            <matrix sid="matrix">0.3701451 0.9214002 -0.1183825 2.306404 -0.9208327 0.3470758 -0.1777796 -6.2561e-4 -0.1227184 0.1748148 0.9769239 0 0 0 0 1</matrix>
                            <extra>
                              <technique profile="OpenCOLLADA">
                                <cast_shadows>1</cast_shadows>
                                <primary_visibility>1</primary_visibility>
                                <receive_shadows>1</receive_shadows>
                                <secondary_visibility>1</secondary_visibility>
                              </technique>
                            </extra>
                          </node>
                          <extra>
                            <technique profile="OpenCOLLADA">
                              <cast_shadows>1</cast_shadows>
                              <primary_visibility>1</primary_visibility>
                              <receive_shadows>1</receive_shadows>
                              <secondary_visibility>1</secondary_visibility>
                            </technique>
                          </extra>
                        </node>
                        <extra>
                          <technique profile="OpenCOLLADA">
                            <cast_shadows>1</cast_shadows>
                            <primary_visibility>1</primary_visibility>
                            <receive_shadows>1</receive_shadows>
                            <secondary_visibility>1</secondary_visibility>
                          </technique>
                        </extra>
                      </node>
                      <node id="node-LeftHandRing1" name="LeftHandRing1">
                        <matrix sid="matrix">0.3026552 0.9400859 -0.1569658 7.030212 -0.9500391 0.3107522 0.02930189 -0.3745308 0.07632376 0.1402553 0.9871691 -1.141183 0 0 0 1</matrix>
                        <node id="node-LeftHandRing2" name="LeftHandRing2">
                          <matrix sid="matrix">0.3040805 0.9289436 0.2111844 4.313545 -0.9493296 0.2770004 0.1484722 -0.002094269 0.07942414 -0.2456311 0.966104 -0.2235174 0 0 0 1</matrix>
                          <node id="node-LeftHandRing3" name="LeftHandRing3">
                            <matrix sid="matrix">0.3507613 0.9280328 -0.1253859 3.083553 -0.9346717 0.3386554 -0.1081723 1.52588e-5 -0.05792482 0.1551374 0.9861932 -2.86102e-6 0 0 0 1</matrix>
                            <extra>
                              <technique profile="OpenCOLLADA">
                                <cast_shadows>1</cast_shadows>
                                <primary_visibility>1</primary_visibility>
                                <receive_shadows>1</receive_shadows>
                                <secondary_visibility>1</secondary_visibility>
                              </technique>
                            </extra>
                          </node>
                          <extra>
                            <technique profile="OpenCOLLADA">
                              <cast_shadows>1</cast_shadows>
                              <primary_visibility>1</primary_visibility>
                              <receive_shadows>1</receive_shadows>
                              <secondary_visibility>1</secondary_visibility>
                            </technique>
                          </extra>
                        </node>
                        <extra>
                          <technique profile="OpenCOLLADA">
                            <cast_shadows>1</cast_shadows>
                            <primary_visibility>1</primary_visibility>
                            <receive_shadows>1</receive_shadows>
                            <secondary_visibility>1</secondary_visibility>
                          </technique>
                        </extra>
                      </node>
                      <node id="node-LeftHandMiddle1" name="LeftHandMiddle1">
                        <matrix sid="matrix">0.352181 0.9305298 -0.1004127 7.602386 -0.9313198 0.3590605 0.06098222 -0.1885147 0.09280008 0.07203951 0.9930752 1.014122 0 0 0 1</matrix>
                        <node id="node-LeftHandMiddle2" name="LeftHandMiddle2">
                          <matrix sid="matrix">0.2897303 0.9546893 0.06800561 4.428047 -0.9571059 0.2888362 0.02284732 4.88281e-4 0.002169661 -0.07170811 0.9974234 -0.0425396 0 0 0 1</matrix>
                          <node id="node-LeftHandMiddle3" name="LeftHandMiddle3">
                            <matrix sid="matrix">0.2626469 0.9647652 0.01565035 3.396482 -0.9646624 0.2621959 0.02608004 0 0.02105768 -0.02194723 0.9995375 2.86102e-6 0 0 0 1</matrix>
                            <extra>
                              <technique profile="OpenCOLLADA">
                                <cast_shadows>1</cast_shadows>
                                <primary_visibility>1</primary_visibility>
                                <receive_shadows>1</receive_shadows>
                                <secondary_visibility>1</secondary_visibility>
                              </technique>
                            </extra>
                          </node>
                          <extra>
                            <technique profile="OpenCOLLADA">
                              <cast_shadows>1</cast_shadows>
                              <primary_visibility>1</primary_visibility>
                              <receive_shadows>1</receive_shadows>
                              <secondary_visibility>1</secondary_visibility>
                            </technique>
                          </extra>
                        </node>
                        <extra>
                          <technique profile="OpenCOLLADA">
                            <cast_shadows>1</cast_shadows>
                            <primary_visibility>1</primary_visibility>
                            <receive_shadows>1</receive_shadows>
                            <secondary_visibility>1</secondary_visibility>
                          </technique>
                        </extra>
                      </node>
                      <node id="node-LeftHandIndex1" name="LeftHandIndex1">
                        <matrix sid="matrix">0.4226347 0.8787575 -0.2217319 7.512581 -0.9040535 0.4259909 -0.03491482 -0.7841454 0.06377417 0.2152136 0.9744824 3.265261 0 0 0 1</matrix>
